name: scrapping-citymax
channels:
  - conda-forge
  - defaults
dependencies:
  - appdirs=1.4.4=pyh9f0ad1d_0
  - attrs=21.4.0=pyhd8ed1ab_0
  - automat=20.2.0=py_0
  - bcrypt=3.2.2=py310he2412df_0
  - brotlipy=0.7.0=py310he2412df_1004
  - bzip2=1.0.8=h8ffe710_4
  - ca-certificates=2022.5.18.1=h5b45459_0
  - certifi=2022.5.18.1=py310h5588dad_0
  - cffi=1.15.0=py310hcbf9ad4_0
  - charset-normalizer=2.0.12=pyhd8ed1ab_0
  - constantly=15.1.0=py_0
  - cryptography=37.0.2=py310ha857299_0
  - cssselect=1.1.0=py_0
  - filelock=3.7.1=pyhd8ed1ab_0
  - hyperlink=21.0.0=pyhd3deb0d_0
  - idna=3.3=pyhd8ed1ab_0
  - incremental=21.3.0=pyhd8ed1ab_0
  - itemadapter=0.6.0=pyhd8ed1ab_0
  - itemloaders=1.0.4=pyhd8ed1ab_0
  - jmespath=1.0.0=pyhd8ed1ab_0
  - libffi=3.4.2=h8ffe710_5
  - libiconv=1.16=he774522_0
  - libxml2=2.9.14=hf5bbc77_0
  - libxslt=1.1.35=h34f844d_0
  - libzlib=1.2.12=h8ffe710_0
  - lxml=4.9.0=py310he2412df_0
  - openssl=1.1.1o=h8ffe710_0
  - parsel=1.6.0=py_0
  - pip=22.1.2=pyhd8ed1ab_0
  - protego=0.2.1=pyhd8ed1ab_0
  - pyasn1=0.4.8=py_0
  - pyasn1-modules=0.2.7=py_0
  - pycparser=2.21=pyhd8ed1ab_0
  - pydispatcher=2.0.5=py_1
  - pyopenssl=22.0.0=pyhd8ed1ab_0
  - pysocks=1.7.1=py310h5588dad_5
  - python=3.10.4=h9a09f29_0_cpython
  - python_abi=3.10=2_cp310
  - pywin32=303=py310he2412df_0
  - queuelib=1.6.2=pyhd8ed1ab_0
  - requests=2.27.1=pyhd8ed1ab_0
  - requests-file=1.5.1=pyh9f0ad1d_0
  - scrapy=2.6.1=py310haa95532_0
  - service_identity=18.1.0=py_0
  - setuptools=62.3.2=py310h5588dad_0
  - six=1.16.0=pyh6c4a22f_0
  - sqlite=3.38.5=h8ffe710_0
  - tk=8.6.12=h8ffe710_0
  - tldextract=3.3.0=pyhd8ed1ab_0
  - twisted=22.4.0=py310he2412df_0
  - twisted-iocpsupport=1.0.2=py310he2412df_2
  - typing-extensions=4.2.0=hd8ed1ab_1
  - typing_extensions=4.2.0=pyha770c72_1
  - tzdata=2022a=h191b570_0
  - ucrt=10.0.20348.0=h57928b3_0
  - urllib3=1.26.9=pyhd8ed1ab_0
  - vc=14.2=hb210afc_6
  - vs2015_runtime=14.29.30037=h902a5da_6
  - w3lib=1.22.0=pyh9f0ad1d_0
  - wheel=0.37.1=pyhd8ed1ab_0
  - win_inet_pton=1.1.0=py310h5588dad_4
  - xz=5.2.5=h62dcd97_1
  - zlib=1.2.12=h8ffe710_0
  - zope.interface=5.4.0=py310he2412df_2
prefix: C:\Users\ajrodas\Miniconda3\envs\scrapping-citymax
